01562
03393
04690
00080
02433
02468
01189
01386
02093
03100
04519
00207
02636
02887
03896
00226
01186
00654
05747
05072
00425
05855
02195
02701
02277
00710
05054
00385
05177
02638
05945
03568
01021
02973
02153
01128
04296
00474
04814
01109
02626
04606
01647
04786
04333
03070
05069
00992
00999
05283
05883
03472
04137
01609
05004
03405
01779
02819
06026
02198
05031
04053
04069
00786
03978
01007
01198
02802
00279
02250
04312
02572
01565
00285
00575
02761
05466
03311
01522
01349
01759
04319
04440
00144
00812
00107
00839
05169
03396
03432
04195
02905
00983
05320
05971
00168
00539
01903
04738
01910
04458
01917
03910
03473
04287
02959
02302
04792
02504
04439
04044
03855
05664
00253
00163
05998
00531
02524
02443
03513
01080
04031
01654
05280
01696
00979
05013
02346
01629
02948
04111
00365
01511
05106
05398
03742
02674
04527
05873
02868
05375
01624
04681
03790
05120
02812
00556
05286
01170
06018
03105
05200
03462
00700
02686
05956
02240
02822
00678
03685
03068
02755
05906
01713
01444
05489
03635
03921
02655
02584
05451
05029
03656
00501
02295
05267
01323
05015
05147
03909
05624
04669
05647
04151
03250
05400
02331
04404
03848
01124
01699
01718
01732
02366
03212
02046
01218
02345
06067
01857
03736
00840
04660
03733
03500
04564
02661
04466
02606
05585
05084
00712
00551
02407
01657
02155
03967
01719
04141
02417
05338
02401
00148
05924
03547
04572
02682
01257
01168
04631
02728
02341
01077
01517
04775
04161
03642
06055
06087
00851
01052
01123
05291
01203
01317
01741
00922
05135
01612
04103
03290
03090
01339
02908
05646
03936
01754
04037
03055
05483
03833
01232
01120
01928
02462
02523
00370
03111
05715
03813
03196
04885
03326
04737
01463
00927
04518
06028
04213
05361
00705
01520
02306
04955
06039
04145
04661
04451
04907
05112
02016
01469
00064
05962
02726
03770
01825
02717
05390
01166
05128
02454
05518
02101
01863
03828
04072
00751
03027
00140
00099
02064
04925
02752
01419
03309
00557
03157
01249
05509
02207
02721
03527
02200
04596
05813
01422
03794
03169
00237
02109
03044
01505
00610
05684
05577
01784
03088
02008
05644
03856
01205
00019
04395
02227
05865
02147
03569
05738
01682
00918
02520
02699
03205
03200
04689
00491
01217
05290
03933
00897
01743
05105
02389
03366
05264
01275
03945
04282
02720
01585
05579
03543
05810
00390
04362
04876
04160
02846
03370
01060
03459
03776
01892
04635
03674
00916
00303
00063
00958
02808
03747
02525
02529
04620
03071
04583
04880
04239
00699
02353
01374
01401
06053
04181
02152
00860
05163
02878
00031
05220
03836
04313
05823
00219
00991
05247
05093
00966
02851
01169
04495
02634
00461
01476
00772
03147
05364
02319
01058
05246
00604
02311
01416
03754
01452
05605
03551
03155
05502
00010
05193
05326
05783
02980
04221
05597
03023
02083
02486
02785
05849
05430
00793
00085
03449
01685
03189
00055
04872
00719
01338
04967
05699
05443
01315
03314
02175
01752
05996
00558
03168
03325
05520
02491
02164
05462
05384
04860
03841
00176
04878
04980
02054
01061
00302
01856
05358
04034
05839
04602
02946
01559
05076
02352
01161
02979
00891
05104
04149
03789
05270
03392
01691
05242
02217
01988
04258
00643
02508
00339
01965
04314
05886
03739
01717
03016
00691
00568
03743
03313
02940
02831
05913
01028
06044
05023
01087
01610
01835
03103
03060
02528
06118
02833
03477
05350
05203
03296
03086
01936
00053
02569
01906
02976
05417
00977
00183
03519
00324
05541
04368
05229
04220
03616
05224
02125
05354
03312
02832
02282
05219
03099
05930
03934
00088
02630
06069
03024
05022
00083
04252
03122
05109
03624
05206
00338
04098
00211
03015
04857
03511
03902
01587
03508
04133
03210
04336
04937
05856
05737
04778
04322
05266
04344
03969
04345
00584
00243
02996
04380
02009
04102
00669
05024
05680
02798
04342
04580
02021
04249
04407
05628
00444
00573
05129
02961
03191
03021
00470
01103
03807
00514
00205
02437
03427
01353
02232
02656
03367
00421
00165
01692
02715
00932
01800
01494
03682
03525
01931
01620
01698
04415
05529
04611
04198
04418
03306
04718
01712
02689
02977
03149
05403
05440
05901
05786
02325
03416
03117
04399
04211
03229
01844
06097
02272
02162
05565
00248
04977
02853
04303
02943
02086
04633
04627
04028
05446
02827
03987
00805
01594
02320
04251
02098
05672
00799
05912
04405
00292
03935
02348
05155
06108
01229
01627
05803
03692
03036
03885
01722
05367
02643
04131
03516
04702
01881
01540
01586
02373
05211
05442
00433
04577
02891
00036
05951
05234
03341
01101
00583
05773
01636
02648
05412
00774
05142
04259
03857
02871
02624
01942
05401
00052
02103
05530
05939
00503
03209
00740
01780
00532
04397
05890
02300
03280
02874
03625
04969
05154
04901
03549
01512
05227
05115
05457
04945
06104
03356
01832
05491
05372
03762
04116
01194
01911
00510
05424
04050
03963
05717
03355
02451
05515
03332
02322
03375
02369
02804
03599
00496
04308
02886
01098
04290
02435
05063
02841
05480
05499
05841
05789
00484
05749
01670
00308
03236
01884
01968
04206
04146
00925
05481
03218
00727
03526
04455
04622
03319
04192
04017
02485
03002
04721
04112
01623
04613
04340
04856
03497
01519
00203
04490
03607
01669
05657
02224
00313
00284
00746
00379
02658
03358
01617
02824
01327
05164
04805
02782
03491
00135
06060
00993
00971
01435
02665
00859
02745
04947
02115
02564
02441
02705
01893
04361
00159
03344
02453
02910
03548
02383
04364
02877
04497
00417
03772
01590
00018
00156
05512
02298
00240
04854
00498
03417
00070
05857
01861
03072
02575
04228
03859
00598
03225
05086
05759
04422
03082
02149
03894
01817
00836
04048
02820
04652
03174
04191
04379
04013
05223
03051
01912
03672
03730
00614
06080
02035
01294
05726
01531
00577
04078
05677
03593
03395
02085
00898
00239
01414
05809
02857
04679
05438
04848
06077
00821
02159
01408
03596
03463
02998
04847
05374
00666
03636
01438
00456
02476
03650
00001
00304
05021
03832
01023
06081
03272
05573
05391
04241
04739
03062
02546
04219
04215
03245
02573
05576
04806
03613
05425
04535
00572
05461
05909
00716
02428
00408
03281
00440
05191
02393
03586
03421
03213
05452
05188
01603
01261
01406
05001
02196
02397
05303
03047
03095
00378
01908
00057
02944
01092
03961
03923
02873
00034
03328
02637
04726
02184
00815
03851
05888
02425
01792
05066
00096
02293
00233
02513
05779
04478
01778
02236
00182
01303
05008
03839
03084
00027
05381
05349
01599
01837
02893
00386
02099
01974
00350
02252
05634
03211
03235
06016
01014
05815
05709
01012
02719
01848
05182
00280
03348
04004
01376
05639
03074
01819
02766
05495
00191
04307
05082
01068
02211
02060
05583
02459
02494
00155
02422
05030
01316
02629
05669
05433
04598
02586
00663
02379
04810
00222
05891
03766
03262
01340
02206
00563
03932
04914
00775
01649
00743
02043
04886
01537
04442
00171
03760
05968
05404
00297
02048
03452
02552
02903
03959
00087
05627
03045
04276
00200
03912
03687
01851
01981
03980
03694
04424
02241
03448
00347
05000
05332
03645
03858
01870
00235
00225
04326
04659
03629
05344
00829
00050
02470
01221
02380
00479
02754
03268
02377
04787
03347
04877
00516
04837
02089
01289
03510
04795
02040
02020
01645
04784
01017
04842
00257
05819
05599
02698
00943
03391
01681
03572
05025
03951
05143
00796
03053
01135
03486
01272
05641
04987
01183
05928
01771
02933
01162
01672
03952
00250
00133
06003
03816
04942
01725
02376
02909
04410
05792
00066
04059
01222
03201
02960
02922
04250
06064
02856
01688
01581
02416
03723
01378
01508
03601
05668
03242
05437
03738
01002
03540
06058
02505
04545
04403
01883
01516
02063
00934
04465
05537
04365
05111
04224
05009
05652
04468
00974
01949
05052
03964
05389
03137
01753
03955
00317
00314
00844
02599
04492
00436
00658
04586
00345
04260
04430
02731
04121
00838
05213
02007
02989
05095
03441
04528
04474
02146
00046
00336
02866
00115
04353
02991
03302
05806
04839
01872
05598
04051
03248
05986
02360
02876
05557
00382
04329
01774
00466
00638
06040
02481
03906
04272
00801
05691
01134
01842
03897
00646
01570
00659
06030
00102
00956
00653
00105
03398
02410
05407
01890
01324
00998
00622
05833
00021
00935
01919
04070
01129
05453
02534
02722
00180
00428
05702
04965
04921
04699
00931
01356
05964
05311
05746
02951
01564
00553
00780
02517
04246
05429
04142
05720
02028
01483
05153
03634
00901
01251
05719
05618
06084
03481
04234
00804
05727
05505
00534
00442
02394
02361
03260
05616
03388
01561
01536
02625
03484
06025
03333
03362
02679
05712
06089
01352
01143
04088
00985
01723
05271
00468
02297
04855
05845
05944
04091
00694
00523
00109
01960
00792
00904
04614
00679
01541
03007
04992
04183
00650
02678
05544
02010
05513
01425
01158
03277
02203
03217
04705
04267
01756
03435
00835
00007
01281
03626
03847
05704
00600
06035
01569
06050
00620
05953
02296
05784
02939
04664
04758
02414
02898
05660
03383
04045
03352
04858
01751
02121
02982
05278
03655
05949
05807
02090
04590
02787
03852
05793
06093
01270
03713
01706
01899
05832
04230
03431
05426
02994
05941
05973
04027
02201
01475
01421
00695
05048
05729
02545
02330
01907
03503
04175
00459
05543
03721
05488
03359
01105
05420
01029
01107
02004
06123
05735
02436
00917
05141
01342
04514
03141
04971
01496
01695
02792
00759
01914
04985
01813
04800
01866
04732
02562
05864
03006
04123
02727
03991
02952
00645
02646
01326
03252
04997
02076
00670
00910
00309
03401
00810
04859
04973
04797
05059
00178
01727
03259
01140
03266
00246
05144
01533
00453
02778
02554
01524
02314
01027
02736
03880
02932
04696
04388
01018
05217
04913
01874
05894
05708
01900
01382
01721
02364
04707
02497
01707
00749
03183
05207
04480
06063
02371
03285
01802
00106
02456
02402
02354
01226
01409
02879
02134
04522
04612
01309
05248
04453
04875
06001
04182
00024
00450
00333
02683
03097
00841
03917
03385
01518
05033
04868
03150
00383
00093
01049
02657
04988
05208
04559
04813
01619
00902
05994
00847
06056
00260
03244
03972
03495
01708
04496
05728
05439
03230
04427
01399
03658
00959
04974
00167
01503
02287
01008
02609
04119
04762
02923
01676
00592
03350
02602
00800
03860
00131
01040
05992
05559
03106
04662
00517
02740
05444
02343
03862
00518
05036
03076
05074
05716
01300
03423
01944
03775
05456
00277
04061
03457
04692
00138
01678
04941
00939
03483
06038
05498
03399
03534
04433
04798
05536
00893
03065
00044
03317
04911
01178
02872
04697
00940
03657
00447
01026
04033
00196
00296
04105
04381
00763
02694
05152
05138
03602
05121
04041
00811
03829
05574
06110
01651
04646
00357
02506
05413
00950
04982
05812
00049
00570
03842
04509
04755
01445
05665
04100
04615
04864
03703
05458
04217
02078
00765
03779
00737
00754
01306
04199
00858
03428
00419
00432
05540
01728
05640
03630
02883
02487
02350
03382
05659
01343
01459
04104
05526
01915
01827
03394
02615
00515
01011
00199
02194
02499
04476
00715
03228
04110
01047
05289
00164
00361
00214
04665
05590
01816
03988
03725
03940
00213
02990
00268
00848
06021
04508
00779
00587
00475
00639
00900
03872
03406
01056
05383
01088
05514
00275
05393
01442
00878
01370
03700
04816
04377
02888
04592
04295
02256
01772
04744
04055
03720
00634
05506
01423
05754
05816
03600
04745
02091
03881
05521
02117
03709
00757
02928
03615
03424
01970
02301
04740
02929
04189
05470
05160
03474
01443
04760
05365
00748
01731
03374
03464
01379
04014
00291
01188
05500
05722
03310
03800
01347
03489
03805
01301
03471
00473
03996
03793
00427
04566
03132
04127
03553
03621
03584
03689
01697
05090
01250
04704
05441
03798
01280
05662
06012
00351
00884
02671
05630
04214
01924
03220
03025
00753
04574
05496
05982
03512
02042
03440
05416
04628
01946
01094
00755
01331
04790
01815
02294
04558
00628
04170
04674
04444
05037
01711
04774
05908
03243
02849
02447
00961
03814
00434
01865
02430
01448
03297
01197
01096
04966
02543
04952
00492
01019
00301
05571
01204
01925
00714
05999
01242
03289
05146
04124
04724
01260
04330
02999
01100
00449
05218
02137
01787
05580
02427
02974
04428
04277
02013
03844
01398
03057
00029
04930
02392
05161
02859
02591
03845
00605
00478
01276
04302
01112
04089
01812
01575
05572
04156
02174
00997
04398
05524
03040
06048
03231
03257
03654
02387
05192
00305
02363
05241
02045
03583
02025
00595
03710
05976
02114
04953
01133
01377
00685
04501
01548
04207
05233
01526
05377
02037
04753
03966
04328
05620
00368
02212
03797
03138
05651
03737
03331
01159
03594
00335
02458
04325
02237
02559
01390
00803
05711
02271
04049
04483
01238
05263
04471
06008
02779
02247
00090
02415
05714
05346
04757
03544
00951
01987
05328
03722
05828
04701
00221
01436
04006
01313
00366
03096
05519
01083
00725
03013
04600
00550
02283
03264
05897
05126
01550
01253
01826
04400
05847
03369
02896
00004
04402
01604
01310
02945
05967
04655
00794
01747
02644
03092
04917
03673
03493
00924
03058
01803
05609
02208
00662
04009
03883
00032
00944
00652
00875
00358
02390
05887
04318
03046
00682
03482
01704
04640
04454
03284
00392
00941
02934
06061
02303
02997
00143
01761
03322
02017
03453
00177
03251
04617
00152
04413
00642
04903
04357
05808
01180
03425
02702
06109
00952
02444
05387
02173
03496
02911
04890
01962
05044
05850
02110
03614
01497
02326
04135
00002
02847
00680
03316
04916
02310
02097
01355
02480
00565
04990
05186
00169
05790
02374
01606
04316
04644
05595
01973
00882
05087
02055
00179
05682
00813
00764
02652
02357
01485
00631
05730
05681
01776
01048
01758
01916
02275
01646
05581
05221
00206
02680
02965
02082
00909
05796
01431
04245
02107
02968
00481
03693
02749
02342
03507
05330
05975
04174
00688
05611
02540
01966
04479
05136
03267
00262
05284
00963
05853
01822
04654
02187
02628
05927
03226
04984
01063
01705
05212
01913
00791
00369
02899
02477
05171
04893
00271
00741
01391
01943
05322
00649
05560
04712
02412
01983
05281
03939
00210
03073
00965
04515
04752
05285
03364
03222
00702
03353
00348
01509
05723
04420
03716
03295
02794
03971
02826
03256
02806
04824
00895
01513
01426
01192
00375
00619
05276
03005
05362
01804
03937
04086
05676
00972
02645
01346
04934
03410
01111
06068
00562
04168
04550
00731
04791
00520
03641
03704
05642
00664
00816
01318
05298
05525
00717
04159
03878
04184
02854
02030
05317
05360
02511
04172
03467
05589
05523
04060
00316
00968
03684
05402
04687
05027
04431
05551
00907
01953
00359
05137
00193
01237
05230
03827
04944
00160
04073
04401
01885
03166
06015
01432
00003
01961
01388
03126
01078
05421
06117
00463
00937
01099
06036
05582
04870
04905
00157
04327
01004
02382
03223
05062
03275
05012
04517
02482
01163
02730
02738
00344
01449
01748
00877
01998
01292
00384
02188
04840
03233
03892
04297
04165
05196
00074
03318
01714
00026
00576
00602
02368
02001
01114
05843
05679
00806
03321
02538
02746
00113
02691
03528
01200
03206
03093
00395
00709
00540
04841
00599
03123
00476
02828
00040
02810
00885
04332
01605
05656
01009
04058
04423
04728
00704
04236
03575
01847
04873
04000
03746
01749
03993
02084
01918
03976
04029
01308
05800
03541
04512
00828
01034
03128
02539
03397
00259
03907
02771
05884
02668
02167
02471
04043
01940
04222
00771
03234
05310
00033
01420
04223
02567
04503
00166
05497
05742
01995
05984
06019
03953
00415
01255
00675
00298
04012
05255
00172
05674
01639
03524
03785
04727
03690
00173
01110
05926
00082
04629
01086
02988
01487
04853
02537
05041
02006
01546
03946
02289
04863
05405
02592
02894
02214
01461
01213
02864
02190
02739
02669
03535
03443
03456
01951
04038
03711
01601
05663
05318
05419
01591
04584
04094
02971
02384
04463
03898
05118
01600
02031
04289
02123
05468
01033
05055
05923
03288
04773
03732
00471
00862
00742
06098
00549
03786
04334
03562
04688
03941
02484
01402
04348
04096
02521
05752
04594
00261
04339
00299
04047
05879
04809
02509
00624
02813
03752
03533
00340
03542
03783
02770
03240
01897
02452
05378
00123
05835
03702
05449
00130
05392
02061
00424
03944
02148
03442
05314
03552
02231
02588
02550
02408
00430
02158
04284
00973
02519
00579
00420
04354
02842
03014
02600
06033
04144
05896
02710
00874
02895
01224
02258
05007
05460
05045
05473
01845
03598
05612
05168
03202
03753
03171
04071
03930
01187
05148
02612
04569
00744
02763
02205
00582
04417
02029
03412
02549
00077
04097
04472
03604
05774
01093
02767
00158
02113
03384
01634
04578
04829
01492
03782
00387
02583
02687
02597
01081
04910
02836
04996
00320
03957
05002
03509
05827
02825
04533
02594
03261
00525
04968
02074
02448
04649
01297
04671
04158
05731
02926
02611
01199
01020
03294
04057
00686
01467
02662
01544
06004
01075
04542
00410
05272
05099
02514
06085
04255
04553
03990
03011
03681
04411
05854
05932
04240
05653
01820
05366
01530
03167
04461
00373
01926
03458
02005
03041
04768
03254
03129
02273
06011
05180
01228
03232
03644
00355
05157
01773
05369
05376
05780
01638
04889
03434
04311
05768
02489
00538
05567
01551
01978
03269
05359
04504
02783
02696
02507
05561
02627
05591
02490
03134
02673
01051
02284
01597
05199
06096
03197
05914
05028
00337
00095
01152
00255
03203
00411
01945
03765
05185
05692
01121
04347
03603
06114
05929
00947
03048
05782
04521
01666
05776
03579
04862
04035
03577
01474
03371
00197
03918
02467
03812
03469
02963
02714
00094
02478
01113
06120
03308
03379
05431
05406
05797
03759
03487
05345
05056
04126
02708
00202
03774
02421
03402
01254
03712
03192
05434
03773
03557
05159
05006
05450
04485
05787
00252
04670
00856
04456
06091
03869
01864
00238
00920
02633
05319
05867
03365
03735
00545
05829
01003
00056
01206
04544
04488
03620
00399
02774
00915
06076
04929
02317
00892
02557
02073
01521
02533
02880
03386
06113
02647
05486
02464
02230
00560
02347
05166
00990
00899
03796
05885
04849
04205
05197
02274
04238
00103
04067
02226
00228
03299
04587
01841
02151
01491
01173
03114
01501
00513
04281
05124
04676
01363
04782
01348
02288
03928
04673
00119
02964
05882
01846
02299
00098
04634
03670
03239
01980
03874
05686
01700
05566
04601
00842
04300
01263
05204
01207
01473
01955
01539
02178
01233
00609
01933
02596
03764
03592
03545
04162
02642
00042
06023
04563
00120
05614
03143
05487
02547
04972
02336
02050
04291
00220
01958
01184
03651
05528
01941
01266
04828
02059
05239
02690
03707
03922
02024
02709
03305
05077
03780
03400
05974
01383
02071
04305
05190
02639
02865
05959
03926
03439
05262
05202
02096
05236
01860
03069
00548
04826
02565
00054
00114
03499
05385
06052
03911
02650
04729
05018
02551
01683
02307
02216
04462
00832
03538
04546
05085
03485
05269
02460
01633
00819
00676
05463
03056
04396
04524
00244
01781
05766
05539
00505
04658
05751
01668
01921
01637
04283
02111
02777
01176
01831
05905
00117
02116
05149
05026
05788
03445
04593
05903
01887
05698
03066
05046
05083
02917
00820
04425
00441
04961
04958
02916
05601
00546
00216
03139
00933
04672
06074
04861
05658
03357
04741
02181
04931
01675
01332
05479
03876
01358
02829
00315
05970
02558
05743
05697
04265
05091
03691
04341
01854
03566
03899
00048
04851
01956
04603
04781
02449
00254
04350
02571
02265
01126
00469
04212
03788
05955
02852
05900
05252
03811
01992
03151
03061
00462
04352
05569
02579
01167
02290
01796
03429
05592
01262
02860
05478
05963
03010
03270
02235
04169
04166
02219
04042
01151
02536
05123
06111
04936
02906
04188
05694
01201
05158
03190
05934
01070
03838
05763
05558
04630
03329
01677
04641
05096
01984
05316
02693
02855
00286
03414
04120
04900
05791
02403
00509
01148
04801
01855
02239
02154
05635
00987
04560
01662
00371
00758
01127
02041
02542
01641
05081
03697
03101
00272
02776
04452
00984
05638
01393
03802
00708
03985
02163
01082
04723
05102
04621
04736
00076
01395
05625
01285
03466
03164
02156
03942
01922
02760
00747
00949
00035
03430
02733
04667
03153
05893
00009
03663
05327
05733
02921
04077
02423
00787
00632
00343
05179
05940
03962
03831
04190
02396
02323
05348
06092
01090
00524
03871
02978
01236
04899
05877
01975
01963
00867
04869
02180
00489
05989
02334
05294
02919
01193
02080
03178
01891
05770
03741
05952
03744
02223
01939
04356
01460
01132
01611
05732
03529
00823
00830
05101
00217
01898
04256
02213
04487
02260
04115
04581
01290
02127
00681
03556
02058
00508
00409
01429
02577
01577
05948
04850
05312
00137
03377
00978
05916
05534
02780
04852
02809
05549
01038
04709
04716
05910
02769
04317
00016
01843
05610
03124
04443
04216
02582
01131
05979
01957
04372
02703
06027
05858
00881
05075
02805
04957
01455
04163
01875
03605
02145
01909
00306
03184
04052
05670
03083
04232
05734
05238
01991
02286
01277
02142
03908
00852
01059
03903
04845
01456
01905
00069
06106
03757
00288
02927
02605
01807
02711
00735
05785
05249
00953
02704
02176
02918
04991
02199
05898
01650
05547
02500
00091
02743
05626
02191
03180
05275
05092
00945
03981
05245
03863
00707
05878
04954
00290
01583
00554
02246
01814
03719
02473
00499
04320
01621
03298
04874
05325
05465
06037
03781
00995
04343
02249
03170
04437
00648
03480
02358
00258
05162
03433
04436
03777
04898
01733
05969
04539
00625
05593
00980
05836
04940
01869
02439
01427
05313
05824
01053
02518
03468
02561
01923
00263
05741
03767
05957
02351
03916
04039
04019
05703
05251
01385
00886
05545
00192
04193
00608
00512
05279
05065
00612
00629
00724
06082
02566
01453
03982
02015
01977
06047
00289
01930
01902
04785
01954
03381
04832
05602
05805
05382
00635
02420
03989
04301
02814
00660
00738
05991
04253
00418
01045
02245
00039
02124
06010
03033
00047
00267
05988
04531
06075
05103
03327
05631
02255
01418
01268
00112
02653
05064
00729
02244
04735
04764
01770
02526
04836
03821
03120
06121
01067
04750
04393
00170
05323
05621
05173
02801
01137
04187
05139
04438
02758
01190
01367
04591
00601
01823
03901
00190
02170
03265
00908
03849
02885
04389
03861
00300
03532
04351
00448
01219
01265
00059
03342
00404
05353
01160
04310
01325
06107
05210
02026
03080
05596
04409
03450
00736
04710
03479
02483
05848
02034
04834
02023
01782
00936
02081
02765
02038
00127
00887
05321
04036
05987
01507
00068
03163
05080
01901
04218
04776
01073
04562
01674
00187
03476
03622
05632
05846
05937
04708
01142
01993
02555
02268
06088
05113
03865
04016
03889
04811
01212
02018
01840
00883
04998
05859
03172
00781
02108
06005
01283
03193
05176
05584
03809
01071
04585
01786
02440
00994
05814
03748
00104
04244
05840
01640
05961
03920
01333
03504
02568
03112
02811
02133
01859
05133
00798
02620
01504
01684
02066
01969
05089
00640
00697
00334
05555
01025
02495
01282
00616
00125
02362
05899
00108
00784
03668
04408
00323
02869
01125
02795
01580
04927
01437
05368
04639
00141
05469
02278
02316
01208
04266
04756
02049
05333
05214
01010
01298
00566
04830
03619
00955
03286
00223
03361
03307
01156
03050
00147
05471
01234
04803
02047
01616
01790
05068
05273
04470
04153
04294
05736
03610
04838
01387
05014
05778
02185
00975
00547
00683
00500
01144
01742
02150
05870
02281
01986
04434
03643
05302
00446
00807
05078
05334
02772
01302
00778
02585
02742
03373
01397
05436
00594
00706
03176
00110
01258
03085
03179
01735
05568
00930
01247
00637
05889
03915
00833
04505
04449
01560
02139
05259
01769
01345
04494
00486
03304
01799
01783
02220
01632
03323
05306
02409
00455
02775
01304
01015
03330
04288
05562
01472
05701
01116
01896
04976
02515
02875
05079
04771
05794
03677
03943
01466
05725
02204
02077
04447
04226
00559
02229
02335
04376
00571
03998
06059
00872
04074
03107
01165
04833
04394
04383
04706
01808
03589
04040
01879
00522
05187
04507
01982
03291
05005
04056
03517
02835
05921
03020
00041
05482
00770
04523
01312
06017
04799
02530
03565
01171
02465
00139
05594
00454
03447
06099
01999
00497
02821
05834
01122
00789
00154
01806
00543
05938
04817
05057
00647
04148
05181
03380
02941
00477
02209
01407
04693
01724
00698
00101
01412
04335
01147
02527
02157
04279
03091
06054
04066
05508
02027
00611
03749
05755
03372
00129
04818
03661
00674
04653
04152
00519
04981
00533
06000
04678
01392
03925
03064
05586
00722
02607
05250
02457
03340
05895
03986
02803
01044
05309
03142
02102
02957
00282
04717
03843
00136
00045
02581
01039
02171
02143
01523
02531
00224
04210
00264
02424
04315
02228
05769
04299
03390
01498
01106
00208
03714
05293
05295
00372
00921
02845
04520
00443
01329
05693
02308
02118
04132
00319
02675
05058
03520
03817
01760
04802
00330
04109
05070
04157
00072
02781
02578
05088
03948
00100
01079
00733
03555
01996
05933
04475
00667
02266
04367
00954
01055
00962
05517
01252
00912
06045
05174
00487
00494
06057
00406
05108
00536
01330
02264
03550
00247
01174
05619
01062
00011
00906
03301
01337
05265
02843
05578
04677
01777
02818
04200
00307
04823
00687
02837
05373
01036
00854
05167
00354
04642
04956
00861
06119
00767
01775
02621
04139
02768
00730
01791
05216
05492
05892
03887
05342
06014
03578
03043
04915
02413
00065
00996
00671
01381
04015
03140
02570
00826
04010
00894
01372
02474
02177
01361
05010
05287
03870
00402
05554
02834
02975
00051
03662
01568
01809
00175
00464
00381
04194
05935
04537
05215
03415
02405
01495
05767
00215
01663
05750
04939
03144
02370
05689
01764
00769
03763
04763
04186
02970
03956
04749
02574
00398
02882
05418
02677
05335
05822
01319
03338
03186
03022
01502
04960
02496
04185
00561
05507
05724
03195
00327
00352
02659
03886
05872
01149
01464
04970
03116
04788
00236
00988
05445
03726
01287
04280
03115
00310
01686
02442
01450
02986
05633
03537
04714
05011
01216
00752
06112
04092
01693
02618
00734
02553
02510
01785
01341
04018
03031
04909
00422
02737
03017
02039
05304
05871
02815
01384
00797
04128
00472
04680
02676
03408
04884
05993
04748
01479
03300
03698
04125
02962
04130
03745
03873
05655
01805
00234
01868
03077
02870
03160
05613
01971
01554
01895
00615
03884
03699
03929
05553
05347
05876
03877
02144
03927
04293
02132
01763
00483
04473
03717
00061
02623
00416
04082
01658
00075
01085
05538
05775
01510
04387
02404
05184
03567
01967
02070
02450
00957
02315
00732
01729
01177
06115
01335
01555
00850
02593
01737
04324
04919
03506
01451
04264
00541
03376
04770
01380
04054
00376
00521
05038
04700
00145
00837
01046
02269
03158
05820
02654
00673
05764
01239
02619
00229
03755
02044
02603
03274
06090
04106
03127
01373
00204
05049
03475
02344
02608
02942
02969
04358
00078
00593
01532
04382
05467
04481
04298
03806
02724
03679
03238
00871
00485
02032
04725
01567
05650
00766
03771
01209
04134
02338
01557
02954
06070
02386
04196
04254
00071
04747
03030
01480
03631
03647
02469
05696
06009
01244
03387
02992
01788
00037
04733
01457
00623
04844
03983
03632
02670
02014
01878
03660
05825
02067
01871
01948
04020
01428
05757
02913
02823
05235
01500
03853
02434
04769
04075
03492
01446
04538
01434
03561
01185
03914
00360
04068
03135
04843
00627
03734
06095
04772
04008
05410
00126
00641
04846
02622
01490
05772
04742
00014
02466
00564
04895
02713
02399
00451
05341
02762
03501
03419
01470
05645
01547
01795
00349
05977
01582
00661
05765
02242
04643
05748
03973
02186
02956
02340
01862
05039
04498
04979
05494
02799
03840
01032
02327
02280
00030
04604
04682
02183
02233
04464
06078
02747
01305
03608
04426
03791
06049
00269
05753
02398
01413
05917
03784
06062
01571
00818
05623
01631
01139
05542
00783
05608
03688
05455
02168
03118
01810
01852
05501
04386
01334
04441
03109
05231
05997
01314
05875
02995
03436
04090
02333
01441
04766
00188
01997
02431
03531
04093
03247
02312
05678
03000
01202
01311
05073
04780
00728
04062
04547
05094
05237
01613
01990
05205
01836
02488
04385
01579
00265
01528
04881
04459
00507
01299
02221
00467
02522
03094
03588
05851
01671
04948
00589
05340
05040
02426
00426
04321
01689
00181
03345
02072
02136
02141
05189
02337
05756
01768
04378
03161
03830
00692
02983
00331
00251
03667
04460
00569
02907
03418
05919
05710
04536
02166
04573
01279
00713
05119
01368
01720
04815
00242
03271
05563
00407
05034
01680
00617
02411
01471
00889
05122
03470
04286
00808
00274
00062
02321
03611
03194
04650
05228
05527
03215
05617
02667
02328
01439
06020
02867
00718
04432
02210
00493
04445
05637
03997
03931
01104
01117
05297
00905
03546
02305
02179
03237
02193
04180
00151
05042
04808
05504
02844
04794
05423
03560
05475
04637
02161
00342
03801
02590
05675
03165
01454
02784
05902
01630
01230
02130
03823
03597
05874
06041
02718
01952
02862
02051
00023
05351
04337
02254
04986
02057
05256
01694
00809
04349
04759
01858
03536
01755
02700
00677
01738
00012
00633
05915
05132
00621
01001
03515
03695
02053
00460
04500
01937
02635
02692
05510
00863
03451
04147
01245
01293
04306
01091
01882
05985
04261
04525
03278
02243
03521
02406
00414
01269
05777
03664
05114
03292
03438
05060
03037
02751
03882
02789
00389
02695
01873
01589
03335
05654
06051
02285
02544
04719
04657
03958
02660
03818
05277
02601
04081
00480
03465
04360
05307
03977
04007
01076
01535
05983
03110
00060
04269
05966
05950
03581
05315
06024
05556
03570
01256
02079
05690
01223
05713
03035
01057
02890
01403
04619
04918
03152
04085
00726
06103
04150
03970
03834
03446
04556
05379
05607
01322
05740
03113
04540
03617
02267
03121
00403
05575
02729
04978
02234
03751
04229
04532
01514
04046
03131
04108
04933
03012
03413
03488
03324
01138
05448
00465
04595
00689
00174
02748
03136
03824
02367
05170
03761
04638
04734
01468
02632
01596
04270
01824
05477
02788
03638
00567
03792
00150
05134
01481
03133
02663
00824
06046
01602
00879
00590
03666
02807
03198
05352
01488
01440
01066
05990
05254
01362
04935
02863
05739
00043
04087
05408
05818
03282
00657
02734
00249
03283
05771
00857
03680
02225
00636
05019
04610
04370
04171
04554
05532
00312
02912
05003
00504
05243
03079
00008
03108
03875
04922
02838
05531
01818
01593
02378
05061
02445
04912
01877
03159
06105
00868
03648
02790
01031
04421
01888
01652
01850
04548
00457
01830
00013
04920
01064
00329
00184
01097
03522
05371
03652
02455
04698
02160
02817
00328
02065
01153
00703
01701
04975
05435
05145
04237
00938
00739
04469
04892
03633
03177
00696
03227
04949
02950
04567
05394
02723
05700
05232
00364
04178
06002
05911
04647
00855
00073
05308
00025
00362
01794
01566
06013
04666
01214
03904
05016
01615
01410
02131
04023
02712
01894
05671
00153
02052
01964
02472
01405
05922
02238
03810
02793
04626
00530
03081
00201
01839
03975
02313
00084
03185
02681
02122
00723
04906
02985
01690
01549
03389
04384
03924
01889
01486
03740
04117
02610
00374
00162
03216
02937
00401
01030
05667
05067
04887
03708
00802
04435
01828
04502
00388
00537
00946
00528
01618
00397
04625
04482
00967
02355
